Control File Settings:
tree_length        [ 5.0, 5.0, 15.0, 5.0, 5.0, 15.0 ]
base_frequencies   [ (0.1, 0.4, 0.4, 0.1), (0.25, 0.25, 0.25, 0.25), (0.4, 0.1, 0.1, 0.4), (0.1, 0.4, 0.4, 0.1), (0.25, 0.25, 0.25, 0.25), (0.4, 0.1, 0.1, 0.4) ]
substitution_rates [ (1.0, 2.0, 1.0, 1.0, 2.0, 1.0), (1.0, 2.0, 1.0, 1.0, 2.0, 1.0), (1.0, 2.0, 1.0, 1.0, 2.0, 1.0), (2.0, 1.0, 1.0, 1.0, 1.0, 2.0), (2.0, 1.0, 1.0, 1.0, 1.0, 2.0), (2.0, 1.0, 1.0, 1.0, 1.0, 2.0) ]
gamma_shape        [ 0.1, 0.01, 0.9, 0.9, 0.01, 0.1 ]
number_sites       [ 1000, 1000, 1000, 1000, 1000, 1000 ]
num_taxa           [ 50 ]
num_reps           [ 100 ]


AutoPartsSim Screen log:
Number of replicates: 100
Number of taxa:       50
Branch length prior:  5 5 15 5 5 15 
Gamma shape:          0.1 0.01 0.9 0.9 0.01 0.1 
Number of sites:      1000 1000 1000 1000 1000 1000 
Number of sites:      ( 0.1 0.4 0.4 0.1 ) ( 0.25 0.25 0.25 0.25 ) ( 0.4 0.1 0.1 0.4 ) ( 0.1 0.4 0.4 0.1 ) ( 0.25 0.25 0.25 0.25 ) ( 0.4 0.1 0.1 0.4 ) 
Substitution rates:   ( 1 2 1 1 2 1 ) ( 1 2 1 1 2 1 ) ( 1 2 1 1 2 1 ) ( 2 1 1 1 1 2 ) ( 2 1 1 1 1 2 ) ( 2 1 1 1 1 2 ) 
Tree: 
0 -- 0 (51 -1 -1) 0.0000 <- Root
1 -- 1 (-1 -1 50) 0.0041
2 -- 2 (-1 -1 52) 0.0035
3 -- 3 (-1 -1 97) 0.0000
4 -- 4 (-1 -1 74) 0.0054
5 -- 5 (-1 -1 57) 0.0041
6 -- 6 (-1 -1 64) 0.0044
7 -- 7 (-1 -1 55) 0.0039
8 -- 8 (-1 -1 93) 0.0032
9 -- 9 (-1 -1 68) 0.0062
10 -- 10 (-1 -1 89) 0.0256
11 -- 11 (-1 -1 70) 0.0015
12 -- 12 (-1 -1 62) 0.0117
13 -- 13 (-1 -1 61) 0.0054
14 -- 14 (-1 -1 62) 0.0073
15 -- 15 (-1 -1 78) 0.0082
16 -- 16 (-1 -1 81) 0.0016
17 -- 17 (-1 -1 65) 0.0113
18 -- 18 (-1 -1 66) 0.0154
19 -- 19 (-1 -1 67) 0.0162
20 -- 20 (-1 -1 71) 0.0327
21 -- 21 (-1 -1 84) 0.0188
22 -- 22 (-1 -1 70) 0.0228
23 -- 23 (-1 -1 82) 0.0185
24 -- 24 (-1 -1 72) 0.0029
25 -- 25 (-1 -1 73) 0.0113
26 -- 26 (-1 -1 74) 0.0064
27 -- 27 (-1 -1 75) 0.0120
28 -- 28 (-1 -1 76) 0.0110
29 -- 29 (-1 -1 83) 0.0064
30 -- 30 (-1 -1 78) 0.0408
31 -- 31 (-1 -1 79) 0.0206
32 -- 32 (-1 -1 80) 0.0007
33 -- 33 (-1 -1 85) 0.0154
34 -- 34 (-1 -1 82) 0.0021
35 -- 35 (-1 -1 87) 0.0024
36 -- 36 (-1 -1 84) 0.0329
37 -- 37 (-1 -1 85) 0.0013
38 -- 38 (-1 -1 86) 0.0008
39 -- 39 (-1 -1 87) 0.0048
40 -- 40 (-1 -1 88) 0.0054
41 -- 41 (-1 -1 95) 0.0063
42 -- 42 (-1 -1 96) 0.0228
43 -- 43 (-1 -1 91) 0.0028
44 -- 44 (-1 -1 92) 0.0154
45 -- 45 (-1 -1 93) 0.0263
46 -- 46 (-1 -1 94) 0.0015
47 -- 47 (-1 -1 95) 0.0024
48 -- 48 (-1 -1 96) 0.0165
49 -- 49 (-1 -1 97) 0.0042
50 -- 50 (1 61 77) 0.0062
51 -- 51 (54 97 0) 0.0317
52 -- 52 (66 2 79) 0.0008
53 -- 53 (67 79 94) 0.0002
54 -- 54 (63 65 51) 0.0184
55 -- 55 (7 64 73) 0.0058
56 -- 56 (90 93 58) 0.0000
57 -- 57 (5 68 67) 0.0009
58 -- 58 (56 89 66) 0.0184
59 -- 59 (60 73 92) 0.0156
60 -- 60 (72 76 59) 0.0035
61 -- 61 (13 94 50) 0.0073
62 -- 62 (14 12 76) 0.0084
63 -- 63 (77 78 54) 0.0022
64 -- 64 (81 6 55) 0.0006
65 -- 65 (17 80 54) 0.0133
66 -- 66 (58 18 52) 0.0216
67 -- 67 (57 19 53) 0.0026
68 -- 68 (69 9 57) 0.0005
69 -- 69 (91 88 68) 0.0009
70 -- 70 (11 22 72) 0.0013
71 -- 71 (20 75 91) 0.0045
72 -- 72 (70 24 60) 0.0317
73 -- 73 (25 55 59) 0.0110
74 -- 74 (4 26 90) 0.0150
75 -- 75 (27 86 71) 0.0146
76 -- 76 (28 62 60) 0.0010
77 -- 77 (50 83 63) 0.0091
78 -- 78 (30 15 63) 0.0200
79 -- 79 (31 52 53) 0.0155
80 -- 80 (32 92 65) 0.0122
81 -- 81 (16 85 64) 0.0004
82 -- 82 (34 23 86) 0.0212
83 -- 83 (87 29 77) 0.0330
84 -- 84 (36 21 88) 0.0183
85 -- 85 (37 33 81) 0.0242
86 -- 86 (38 82 75) 0.0030
87 -- 87 (35 39 83) 0.0030
88 -- 88 (40 84 69) 0.0103
89 -- 89 (95 10 58) 0.0235
90 -- 90 (74 96 56) 0.0048
91 -- 91 (71 43 69) 0.0150
92 -- 92 (44 59 80) 0.0144
93 -- 93 (45 8 56) 0.0023
94 -- 94 (46 53 61) 0.0077
95 -- 95 (41 47 89) 0.0037
96 -- 96 (48 42 90) 0.0101
97 -- 97 (49 3 51) 0.0029
